Encrypted Word:
2hollis
00110010 01101000 01101111 01101100 01101100 01101001 01110011

Keyword:
forfeit
01100110 01101111 01110010 01100110 01100101 01101001 01110100

XOR Transformation:
01010100 00000111 00011101 00001010 00001001 00000000 00000111
54071D0A090007

-----------------------------------------------------------------------
Keyword:
forfeit
01100110 01101111 01110010 01100110 01100101 01101001 01110100

XOR Encrypted:
01010100 00000111 00011101 00001010 00001001 00000000 00000111

XOR Transformation:
00110010 01101000 01101111 01101100 01101100 01101001 01110011
